46200 19347
49032 19300
26880 16578
23856 15929
23040 13366
21720 13214
24360 12457
22920 11911
22080 11674
23820 11034
21840 10962
21984 10587
23520 10463
24840 10297
25560 10215
52140 9743
26580 9329
20520 9141
19692 8871
26556 8719
24408 8628
24132 8496
24900 8207
28008 8118
21960 7917
22470 7859
24240 7847
21270 7648
26724 7600
25200 7428
23088 7314
23700 7089
26820 7057
22680 7041
23280 6989
27912 6984
20256 6885
25260 6872
23400 6841
25812 6626
23880 6570
24108 6526
20640 6346
26040 6261
19980 6157
21558 5953
20040 5951
26460 5771
24828 5736
19284 5728
23760 5725
25770 5528
24024 5395
26520 5371
25140 5321
25800 5305
24948 5186
24042 5079
28428 5039
21888 4932
21300 4923
25572 4919
23640 4912
22404 4873
21120 4819
23652 4801
22860 4786
26700 4773
24180 4773
22272 4717
26112 4707
19260 4549
24480 4516
21750 4500
22020 4497
22752 4479
25416 4444
22410 4437
22440 4422
59568 4403
20100 4324
25500 4319
27420 4284
27936 4271
23136 4270
27600 4180
25512 4101
21828 4076
19668 4008
23916 3995
26220 3992
30120 3977
29856 3969
22872 3933
26010 3899
26136 3885
29292 3883
21060 3877
16260 3860
57300 3854
24660 3837
25920 3834
28860 3790
26004 3764
23970 3742
26760 3738
25764 3727
68064 3704
23340 3698
21072 3688
24720 3642
22212 3637
27540 3630
17640 3600
23430 3569
28500 3560
23148 3557
22248 3540
22260 3537
25620 3493
24120 3451
28524 3418
22620 3373
23496 3360
24060 3352
21906 3344
23100 3327
25440 3293
21240 3272
22644 3258
19320 3240
27624 3235
19752 3225
23442 3223
29112 3199
22056 3194
29160 3190
20604 3166
24648 3162
28260 3158
37740 3157
28920 3153
26100 3144
69420 3114
25668 3110
24300 3100
68604 3059
22002 3058
24924 3046
30156 3045
26280 3028
27000 3014
19440 3002
29340 3000
23220 2972
25464 2964
67608 2960
28440 2910
26640 2870
21582 2850
27384 2838
27144 2829
29628 2823
23724 2816
20940 2784
17460 2781
26628 2778
25380 2757
21420 2740
25152 2727
44940 2708
26940 2656
29820 2648
25608 2637
25680 2627
24930 2614
1320 2603
48540 2601
22596 2553
27564 2552
25092 2550
26400 2538
29370 2535
24420 2524
23892 2510
71496 2506
24156 2501
19536 2498
17520 2496
23172 2480
23556 2474
19860 2470
25320 2468
27768 2442
19872 2442
65190 2438
25656 2416
18312 2408
24972 2374
22488 2370
20616 2364
18840 2359
22500 2343
26340 2326
25080 2313
21642 2311
25056 2308
27060 2307
24450 2305
22320 2281
19620 2279
24780 2274
18612 2264
18420 2231
20316 2225
23580 2207
29580 2199
26730 2189
20052 2187
18804 2186
23976 2178
23940 2167
16968 2167
23292 2164
26868 2158
22530 2141
25956 2131
29520 2125
27900 2105
24072 2100
20910 2089
30360 2087
28380 2066
24288 2062
23448 2057
22476 2045
24492 2030
63984 2018
1536 2012
23790 2009
68580 2003
30600 1997
25116 1969
25848 1967
27480 1965
26550 1957
24816 1939
21456 1939
23256 1929
19140 1907
29736 1902
30000 1892
21630 1891
20670 1867
21936 1840
14820 1838
22380 1811
22710 1797
26898 1777
21168 1770
21624 1767
30060 1765
23010 1763
24516 1761
22950 1759
28680 1757
27522 1748
17340 1747
26244 1745
30246 1744
24324 1742
21816 1742
20544 1742
25860 1739
17556 1728
23028 1713
22110 1711
27216 1698
17412 1691
25350 1689
26796 1684
68820 1681
28416 1676
20568 1671
20466 1663
20370 1655
27660 1645
20952 1640
14310 1640
21600 1639
20820 1632
18768 1631
22740 1620
30720 1620
31980 1615
21402 1611
25980 1609
22584 1602
26754 1599
22140 1593
28356 1593
67740 1591
53760 1591
27720 1588
27210 1583
2490 1580
29880 1564
25308 1558
29808 1537
17952 1530
24810 1522
20412 1520
22176 1514
21516 1513
24384 1509
20460 1508
27204 1506
20610 1498
25344 1497
25824 1496
30528 1487
31080 1468
16440 1452
19500 1446
21180 1443
23826 1441
26736 1432
26904 1432
28320 1431
18036 1428
25740 1426
70380 1424
23376 1416
20364 1416
24636 1411
28020 1410
23544 1407
27312 1393
25710 1392
31500 1391
28620 1385
18660 1384
22368 1381
24456 1378
20070 1378
21216 1374
22980 1368
22116 1366
29172 1358
21900 1332
25410 1326
28248 1320
41340 1318
27708 1315
26172 1309
15564 1307
27390 1303
24768 1302
20244 1283
24570 1272
29100 1265
22866 1259
29700 1258
31830 1258
28980 1252
20340 1243
22236 1236
24552 1233
23112 1231
23622 1225
23508 1223
20970 1212
32760 1211
20880 1210
21276 1209
25392 1209
26124 1207
22848 1206
33192 1205
72300 1203
22200 1201
30480 1199
27960 1198
19026 1196
20826 1182
23460 1181
22128 1181
20400 1176
22356 1166
20280 1163
26970 1157
18240 1153
30048 1149
15648 1147
20190 1147
19272 1144
28656 1139
23184 1139
25584 1130
24030 1127
27240 1126
29076 1123
25650 1117
23568 1117
31536 1108
67308 1106
64296 1101
1170 1100
65004 1097
22068 1094
31380 1092
972 1091
23670 1084
79560 1081
27780 1078
21084 1071
25044 1071
28080 1065
64764 1064
20736 1061
23736 1060
21660 1058
1140 1057
68652 1051
16080 1049
21666 1049
31476 1048
24210 1042
28350 1041
29088 1030
22170 1020
21192 1020
24216 1019
27570 1015
29256 1007
21480 1004
16860 1004
23832 1003
15660 1003
1116 1001
77760 1000
30300 999
29352 998
25872 996
27120 994
80070 990
24084 989
26052 988
26508 987
26646 979
30780 979
24228 979
68160 978
14004 977
15168 976
27348 970
74400 970
25158 968
28056 966
65652 965
19944 964
29844 963
22944 956
31116 954
22524 952
22632 948
27852 945
21780 945
24696 942
21744 941
61620 938
19236 932
20592 928
23964 925
23628 925
25176 922
23616 921
27792 917
27336 915
69264 912
17004 909
21726 907
27408 906
69528 905
18390 905
24000 904
28740 903
78588 900
30420 899
20898 895
25248 895
25224 889
29496 888
30732 884
69924 884
26952 883
28200 881
12450 875
30180 875
22344 874
53700 874
22350 872
65700 870
27048 867
28572 867
30900 865
22842 865
31152 865
35208 861
30372 859
20220 856
32700 854
27840 853
23052 853
28536 851
1524 851
25524 848
22464 848
21618 848
24048 848
27924 847
28704 846
25788 845
19968 845
64008 844
25632 840
18456 839
18912 836
15540 836
62430 832
21768 830
33360 828
68052 827
69036 824
22884 822
22416 815
69588 815
24792 809
21930 807
30516 793
20172 789
19800 789
28446 786
23076 785
60408 785
22284 783
22032 779
23190 778
16590 772
21792 772
25020 770
29220 769
17244 764
65280 762
27642 762
32280 759
31200 759
3120 759
21012 758
29676 755
29604 752
27696 747
16164 747
28272 746
23388 743
23784 743
24012 742
22536 734
16290 732
31860 730
23646 730
18930 728
20202 728
22560 725
76560 724
31320 722
26784 720
22800 718
68760 713
69864 713
24600 711
21000 708
20016 707
18288 704
27360 703
27030 698
70680 697
23748 695
18516 693
25536 692
22836 689
73020 688
18600 685
30150 685
27426 684
19488 682
22968 680
29610 678
23532 673
16716 673
82920 673
19680 671
24672 671
69720 671
21948 671
18648 670
23868 669
25884 663
18468 663
23436 662
15060 661
31428 661
65820 661
13620 659
21540 658
21336 657
67776 657
26742 657
20550 652
71220 652
31620 651
18252 651
20856 650
24276 650
25548 649
24936 648
20730 643
65724 642
82020 641
25626 639
23610 638
3036 638
16152 637
19812 636
26790 634
27180 633
23166 629
22044 629
34188 629
17544 625
19068 623
29712 618
54060 615
14640 614
29400 613
66930 611
19200 609
23802 609
32520 608
68136 606
22926 606
14940 606
31800 606
26436 605
32316 605
23688 605
66384 602
79860 601
64260 600
24750 599
29556 599
20796 599
28152 598
18540 598
24984 597
29016 597
26226 596
70560 596
62556 593
28068 593
25104 592
71520 591
25230 591
25830 591
21708 589
31740 588
60444 587
27372 586
17652 584
29040 583
29616 582
24396 581
28560 581
18000 581
27648 577
66870 577
22428 577
82656 576
67680 576
29280 576
30240 573
21252 571
68262 571
17166 570
30960 569
19710 568
1380 568
17700 567
69552 567
30588 566
28896 565
20556 564
31050 564
73680 563
15204 557
69360 557
1290 556
24852 556
19926 556
11604 555
22266 553
26076 552
16236 552
22188 551
19818 551
31020 550
67452 549
55788 548
71700 548
27870 547
23268 547
21204 541
27270 540
24426 538
24150 537
14436 536
31488 535
65064 534
31848 534
25698 533
67056 530
67560 530
32196 529
14340 529
30540 528
61530 527
10884 526
16200 526
17094 523
30660 520
27672 519
84000 518
15708 518
14760 518
31992 518
28584 516
25488 515
66420 515
31512 514
70056 514
18996 514
32040 508
13356 507
28404 505
66618 505
25332 505
69696 503
29322 501
64884 500
70260 499
28410 499
26160 499
81540 499
27300 497
19740 497
26916 496
32820 495
17280 493
64980 492
2100 492
18960 490
29724 490
67800 489
25296 489
81792 488
66204 487
20688 487
16740 484
65916 484
23844 484
29484 482
29940 482
67368 482
56940 480
22812 478
23004 478
81600 477
27984 476
27804 476
20988 476
16656 475
65670 473
68388 473
26256 472
24690 472
32424 472
18300 471
68220 471
18144 471
72936 469
18864 469
63432 468
19548 468
26484 467
31260 463
69180 463
12060 461
15600 461
2484 460
72042 460
21810 459
27684 458
23160 455
20448 454
68940 454
1188 454
26412 454
26130 454
74820 452
63084 450
20886 449
24540 449
31440 447
66564 447
66660 447
33660 446
26016 444
66768 443
32952 443
24870 442
26358 441
71340 440
13020 439
25326 439
66060 438
20184 437
31308 433
25368 432
17400 432
66744 429
66996 428
32220 427
24198 425
15366 424
13860 423
15516 422
16560 422
65112 419
69660 419
24990 418
21972 417
60384 414
29568 414
21696 412
33300 411
26316 410
29190 410
29760 409
28716 409
15756 409
30324 409
21186 407
71910 407
32640 406
25716 406
21912 405
28470 405
24756 404
74136 403
71430 402
27816 401
30012 400
16344 399
26106 399
31140 399
30684 399
21924 398
23298 398
66780 398
67980 397
84120 397
27090 394
16320 394
33240 391
32916 391
22602 391
29796 390
22716 390
25776 390
64014 390
33420 389
81060 389
3720 389
23850 388
32400 388
63990 388
73524 388
2670 388
32388 386
72420 386
85920 385
27252 385
17616 385
30396 384
26496 384
25590 384
27096 383
81870 383
64440 383
80400 382
15336 382
18120 381
1596 381
27012 381
69480 380
30570 380
14790 379
67464 377
26532 377
66720 376
1896 376
29346 375
65442 375
15816 374
33312 371
68670 370
26328 368
11640 368
15792 368
17940 367
69252 365
82032 364
66912 364
26676 364
23232 363
23316 362
31824 362
29226 362
64920 361
84240 361
66030 360
69330 360
25386 360
68100 360
79842 359
73080 358
20160 357
21048 356
72660 355
22098 354
13764 353
31068 352
22026 352
38628 351
23412 349
18480 349
67500 348
68862 347
17040 347
24876 347
27552 347
68700 346
29028 346
12804 345
20844 345
28116 345
34062 343
31224 342
66696 342
79800 340
18360 340
30768 340
24342 340
28800 339
83670 339
28770 339
2316 339
13428 339
30972 338
23526 337
26844 336
22626 334
24996 333
66120 333
20784 332
32892 331
30216 331
70500 331
28758 330
21852 330
65100 330
24372 328
76740 328
23016 328
31608 327
1620 327
66168 325
33756 324
2568 323
32580 322
31092 322
32028 321
67896 320
69270 320
35400 319
69312 319
25644 319
80856 318
27444 314
71136 314
21612 313
70542 312
19716 312
26442 312
30936 312
546 311
13500 311
63468 308
72312 308
19380 308
34212 306
23472 306
30810 305
67212 302
78720 302
71280 302
20664 300
33120 300
22704 300
16800 300
29892 300
19686 299
68430 299
24624 299
2340 299
15720 299
66456 298
70782 298
1020 298
26352 297
12720 297
18030 297
61230 296
75300 296
30042 295
30126 294
69342 294
20112 294
19956 293
24444 292
14430 291
4020 291
19416 291
16488 290
78000 290
27630 290
28512 289
26856 288
80442 288
16452 288
28992 287
30504 287
16140 286
22698 286
22092 285
29784 284
71310 284
23130 283
17964 283
84696 283
21264 282
26928 282
28098 282
17784 281
66600 281
29268 281
82320 280
23712 280
24726 280
30492 280
21384 278
28944 277
19764 277
64620 277
26832 277
24606 277
29448 276
20904 275
76620 275
65940 273
66096 272
27072 272
31680 272
1440 272
65160 272
66000 272
65220 270
15294 270
29238 270
27558 270
20124 268
32136 268
25992 266
29802 266
80820 266
68784 266
32340 265
27264 263
70140 263
28140 262
28530 262
20676 262
33780 262
32370 261
72150 260
15840 260
71880 260
24882 259
68730 259
27168 259
80724 259
69060 259
69948 258
20652 258
74988 257
22992 256
72048 256
64320 256
73740 255
25002 255
16680 255
23658 255
27930 254
25242 253
76140 253
32268 252
67620 251
29850 251
16758 251
32460 251
15852 250
71052 250
76842 249
26472 249
33444 249
1992 249
35640 249
342 247
34560 247
68472 246
71904 246
18936 246
69900 245
3240 245
67080 244
31560 244
34620 244
10620 244
33180 243
24252 243
19656 242
66900 240
17472 240
13188 240
69048 239
65340 239
67668 239
29376 239
78294 238
49956 238
71196 237
1248 236
30552 236
30756 235
82440 235
67434 234
24912 234
76440 233
20424 233
68640 233
84780 233
66012 232
30270 232
76470 231
32304 231
57720 230
34800 229
1404 229
21684 228
19044 228
14220 228
13956 227
67488 227
33840 226
32448 226
26946 226
70890 226
68370 225
17136 225
70026 225
85848 225
32160 224
67350 222
29244 222
26604 222
21564 221
63852 221
21024 221
72060 221
31956 221
23364 220
32016 220
80580 220
62784 219
75000 219
13440 219
35040 218
79620 218
30924 218
31524 218
71364 218
70860 217
69960 217
83340 217
13740 217
14688 217
23604 217
33156 216
79740 216
26772 216
70800 215
71016 215
81720 214
70080 214
72240 214
31170 213
62220 212
18384 212
23988 212
68130 212
24336 212
67236 211
66210 211
26028 210
20922 210
31284 210
73920 210
24312 209
68184 209
65772 207
32100 207
14796 207
81300 207
82572 207
2040 206
10020 206
71664 205
1560 205
1200 204
28968 202
29988 202
26592 202
65460 201
28044 201
69492 201
80520 200
64860 200
14844 200
68040 200
71040 200
35556 200
77592 199
20580 199
19920 198
30210 198
73320 198
4044 198
84342 197
29052 197
10080 197
30336 197
34152 196
68088 196
77700 196
3060 196
26310 195
71460 195
74160 195
60756 194
83940 194
63300 193
30384 193
23250 193
82200 193
11988 193
61440 193
74736 192
27750 192
23922 191
74100 191
15966 190
8460 190
69390 190
27510 190
77712 189
67188 189
62640 189
32928 189
73140 188
18984 188
80640 188
23310 188
29910 187
19584 187
31008 187
72120 186
13368 185
67440 185
80760 185
27492 185
12990 185
80292 184
28824 184
2310 184
216 183
75120 183
1446 183
21210 182
12636 182
32880 182
12420 181
66840 181
51312 181
36000 181
2472 180
48156 179
48300 179
25602 179
34200 179
81756 178
1050 178
56808 177
32172 177
28458 177
26196 177
28224 176
64560 176
22122 176
30744 175
29124 175
26712 175
66270 175
70530 174
74940 174
64548 174
22788 174
1920 174
29136 173
84792 173
23772 173
32772 172
80016 172
69000 172
70350 172
30882 171
71916 171
71676 170
12204 170
67152 169
70596 169
79524 169
15744 169
66180 169
27978 169
62952 168
18870 168
8220 168
25212 167
68208 167
13944 167
33720 167
84900 166
62580 166
25494 166
19896 165
20832 165
81192 165
30840 165
49512 165
18690 165
27942 165
70230 164
35628 164
67140 164
78492 164
29916 164
63780 163
8850 163
33432 163
72156 162
28542 162
50100 162
86160 161
82662 161
30456 161
31836 161
70512 160
75360 160
27528 160
14352 160
83868 159
27132 159
31920 159
34578 159
68340 159
67836 159
34032 159
35184 159
67860 159
67908 158
2820 158
32610 157
64380 157
25932 157
73500 157
26070 157
33504 157
72780 157
21528 156
34380 156
25356 156
65808 155
78924 155
11220 155
24510 155
34470 155
71640 155
23064 155
15444 154
24804 154
65790 154
82296 154
82896 153
20076 153
28692 153
53208 153
33060 152
26616 152
30258 152
71940 152
83520 152
69216 152
71556 152
12192 151
14766 150
29640 150
73620 150
68712 149
26208 149
31776 149
10260 149
70356 149
82500 148
26850 148
68400 148
64914 148
70242 147
82620 147
62040 147
34440 147
25692 147
20868 147
79752 147
11340 147
68556 146
82356 146
32376 145
29184 145
19080 145
28368 145
24684 145
34320 144
24036 144
34140 144
30984 144
67872 143
3636 143
26292 142
65574 142
32244 142
67470 142
62112 141
360 141
70020 141
28464 140
32868 140
12156 140
9756 140
25722 140
61914 139
26664 139
71076 139
83460 139
1830 139
84132 139
20436 139
12960 138
31188 138
69642 138
72600 137
12240 137
80136 137
30330 137
13404 137
30522 137
30462 137
1572 136
26502 134
71100 134
25968 133
31356 133
72816 132
20748 131
29424 131
34260 131
81360 131
83142 131
29868 131
67920 131
26202 131
80364 130
24270 130
26232 130
69576 129
1410 129
32310 128
25950 128
66390 128
33960 128
1842 127
74220 127
63894 127
66540 127
22668 127
69600 127
71580 127
648 127
16602 127
68880 127
28884 127
31632 126
67380 126
67320 126
77910 126
14652 125
3024 125
32052 125
64890 125
30708 124
31542 124
25896 124
28476 123
71532 123
24348 123
19632 123
33102 122
78750 122
3180 122
70836 122
8556 122
29952 122
69510 122
31296 121
11040 121
62148 121
34740 121
30174 120
73242 120
31104 120
55740 119
22776 119
73968 119
68256 119
34272 119
70746 119
83100 118
26448 118
23124 118
75264 118
26544 117
72372 117
1212 117
72564 117
62256 117
61800 117
75924 116
30858 116
31248 116
19770 116
12780 116
11820 116
33072 116
70296 116
33600 115
80130 115
25836 115
29460 115
30096 115
64020 115
35100 115
1692 115
82380 115
69396 115
72360 114
66426 114
26424 114
62760 114
35112 114
81096 113
22908 113
23208 113
69240 113
84420 113
73200 112
69750 112
58830 112
46008 112
24522 112
26622 111
70902 111
83880 110
81342 110
33552 110
66300 110
70032 110
84372 110
82260 110
32964 110
21492 109
84084 109
28236 109
63660 109
34488 109
17880 108
30024 108
32832 108
64482 108
82140 108
83850 108
83280 108
78420 108
10836 108
65070 107
84042 107
68964 107
83040 107
67008 107
84456 106
30204 106
32178 106
18900 105
32352 105
68460 105
70440 105
73800 105
67260 105
82764 105
9252 105
30168 105
36060 104
29148 104
70728 104
65520 104
66732 104
85536 104
21228 104
60312 104
35028 103
35136 103
69114 103
30468 103
28548 103
29310 103
73560 103
65040 103
25428 102
64662 102
14490 102
24858 102
13056 102
83016 102
22830 102
75600 102
84180 101
75156 101
85740 101
46500 101
65496 101
14244 100
12480 100
31278 100
14460 100
36600 99
29592 99
12690 99
34680 99
78240 99
15240 99
29142 99
31626 98
65262 98
62460 98
71760 98
68850 97
22086 97
11160 97
26382 97
82560 97
85800 97
69120 96
31230 96
44556 96
13494 96
11004 96
86040 96
33540 96
77220 96
72000 96
81240 96
31872 96
12660 95
72870 95
30876 95
21396 95
30432 95
34530 95
2256 94
26370 94
44220 94
83760 94
31968 93
74868 93
85440 93
33900 93
2004 93
33522 93
36144 93
2214 92
2196 92
30624 92
8730 92
3744 92
33096 91
68172 91
45600 91
32544 91
72942 91
84012 90
63420 90
1476 90
65796 90
2916 90
24468 90
80832 90
48624 90
33336 89
16920 89
81042 89
32568 89
12552 89
20928 89
69432 89
84060 88
17064 88
84996 88
33744 88
33618 88
71568 88
76980 87
78780 87
35460 87
24432 87
33870 86
84360 86
64392 86
85980 86
29298 86
17832 86
25482 85
8244 85
66240 85
81204 85
30084 85
2556 85
32976 85
28296 85
33270 85
1284 85
3900 85
20088 85
45912 85
81636 84
71160 84
29418 84
69012 84
12840 84
13140 84
56412 84
70740 84
70620 84
32946 83
31122 83
31218 83
16980 83
60210 83
11964 83
77940 83
33678 83
46356 83
27990 82
78270 82
49608 82
80676 82
70650 82
9960 81
66162 81
51900 81
73230 81
73476 81
31272 81
26526 81
42408 80
63900 80
61284 80
42774 80
54174 80
84540 79
21102 79
64986 79
68280 79
528 79
11196 79
29664 79
80220 79
67020 79
80916 78
63360 78
28764 78
86172 78
18432 78
35466 77
66492 77
34230 77
17268 77
62850 77
67590 77
74760 77
71070 77
74952 77
67788 77
86076 77
69150 77
69540 77
77208 76
60300 76
81150 76
73992 76
85620 76
59592 76
30564 76
85452 76
75660 76
27156 75
22824 75
85356 75
33702 75
83820 75
31290 75
70992 75
31656 75
15180 74
28188 74
79956 74
30408 74
77124 74
74232 74
85110 74
85458 74
36420 74
36480 74
57900 73
35862 73
1344 73
33228 73
65346 72
44700 72
3438 72
30576 72
69840 72
1296 72
85842 72
65844 72
75780 72
31242 72
28806 72
76020 72
71400 72
38100 72
69780 72
25944 71
23370 71
75336 71
72012 71
9120 71
11460 71
30426 71
77742 71
32532 71
30912 71
26388 70
61050 70
29532 70
59328 70
1680 70
27174 70
23244 70
73440 70
34500 70
70368 70
2220 70
78324 69
71376 69
85560 69
70920 69
74646 69
31596 68
62076 68
85836 68
33372 68
35520 68
36330 68
55020 67
34020 67
75324 67
73380 67
72930 67
72540 67
81012 67
35160 67
35280 67
70050 67
24588 67
19020 67
5460 67
23676 67
15480 67
3888 67
48660 66
72090 66
36 66
68922 66
44796 66
2676 66
2388 66
81576 66
66690 66
33480 66
72960 65
9840 65
26610 65
62202 65
31812 65
62484 65
79056 65
64080 65
67572 65
37440 65
20358 65
63114 65
45984 64
41100 64
61968 64
65580 64
78612 64
64404 64
33000 64
63060 64
39888 64
29772 64
38568 64
64248 64
32112 64
4320 64
68982 64
5040 63
54348 63
67956 63
25452 63
72480 63
84210 63
33456 62
33606 62
71670 62
84324 62
1824 62
61584 62
11844 62
84960 62
60660 62
64800 62
87270 61
29976 61
64188 61
3096 61
62880 61
65088 61
71208 61
64848 61
34512 61
66156 61
41880 61
61680 61
67710 61
9084 61
31422 60
84816 60
1332 60
20322 60
85140 60
29778 60
74520 60
32190 60
86700 60
19110 60
28650 60
65568 60
19002 59
44340 59
85404 59
66594 59
69648 59
11520 59
66048 59
38808 59
86520 59
33966 58
86010 58
1584 58
75420 58
29652 58
80040 58
35730 58
28392 58
34950 58
83076 58
28284 58
77016 58
25998 58
13992 58
82800 58
33426 58
15984 57
28506 57
75948 57
46380 57
35796 57
31710 57
28998 57
83556 57
32886 57
4368 56
19722 56
66468 56
84660 56
26688 56
31932 56
69936 56
86604 56
68676 56
16230 56
19386 56
40260 56
57156 56
81894 56
6480 56
29412 56
28788 56
66588 55
17664 55
82464 55
73980 55
83184 55
22104 55
27450 55
81660 55
57144 55
28668 55
82890 55
58680 55
72840 54
34872 54
80484 54
64332 54
56874 54
7620 54
32970 54
32784 54
14040 54
62106 54
42720 54
28338 54
85392 53
10650 53
30342 53
31026 53
85860 53
28452 53
70944 53
84732 53
31950 53
73248 53
80700 53
76320 52
81492 52
28608 52
86388 52
28176 52
28752 52
34770 52
33972 52
66612 52
67200 52
32130 52
82860 52
71802 52
64500 52
18810 51
67176 51
13044 51
12744 51
20442 51
78960 51
11568 51
336 51
34104 51
49500 51
6168 51
66480 51
71832 50
28302 50
78966 50
71448 50
29082 50
33084 50
3042 50
33750 50
78120 50
59700 50
69336 50
31842 50
24732 50
65664 50
75636 50
67968 50
65628 50
43680 50
74340 50
15780 50
73464 50
79380 49
26376 49
5436 49
60228 49
65712 49
48588 49
33324 49
53880 49
7440 49
83496 49
58512 49
32628 49
31668 49
42900 49
63840 49
35700 49
76356 49
65640 49
84168 49
3684 49
64794 49
26976 49
26892 49
62184 49
70476 48
77076 48
66360 48
23346 48
30252 48
70848 48
24162 48
15252 48
73260 48
32256 48
40956 48
12366 48
79260 48
53220 47
1080 47
81228 47
69288 47
11256 47
34116 47
71442 47
2604 47
85572 47
65988 47
24330 47
66042 47
34956 47
35808 47
34776 47
83964 47
43020 46
65856 46
59640 46
60240 46
58956 46
25962 46
32682 46
76590 46
71736 46
79344 46
20004 46
61416 46
86400 46
32940 46
69828 46
46260 46
34860 46
5130 46
37620 46
85128 45
34368 45
37356 45
2244 45
7284 45
86046 45
46560 45
21798 45
78156 45
31368 45
11916 45
80268 45
48396 45
66984 45
33048 45
74040 45
75696 45
64446 45
30948 45
23322 44
63240 44
61920 44
14280 44
14196 44
35820 44
63120 44
1260 44
31032 44
35220 44
45000 44
32004 44
30144 44
33468 44
61536 44
60840 44
83928 43
45960 43
68520 43
78060 43
42312 43
35418 43
80232 43
63960 43
48594 43
2520 43
57204 43
64956 43
49080 43
70632 43
45924 43
11880 42
74580 42
71586 42
70926 42
66522 42
67842 42
82368 42
31044 42
32070 42
32742 42
56760 42
14388 42
63804 42
72024 42
14520 42
62712 42
68568 42
68610 42
76932 42
65232 42
79440 42
17802 41
85050 41
31212 41
72900 41
69300 41
60480 41
80448 41
41280 41
41196 41
43500 41
77880 41
35880 41
86640 41
40680 41
28230 41
4500 41
63732 40
75168 40
69876 40
68928 40
10440 40
20010 40
29196 40
70284 40
32076 40
26670 40
34968 40
7404 40
42300 40
34632 40
83532 40
55056 40
33696 40
60072 40
55446 40
34176 40
59100 40
63816 39
86376 39
66246 39
60900 39
53274 39
77616 39
71424 39
35412 39
56040 39
35130 39
27618 39
70752 39
24378 39
72588 38
43080 38
61740 38
69858 38
27036 38
66516 38
58560 38
48708 38
48900 38
66408 38
31452 38
1860 38
70320 38
67914 38
4404 38
36186 38
70152 38
73176 38
65400 38
82332 38
69186 38
66630 38
71682 38
4224 38
30138 38
68508 38
69366 38
81924 38
83490 38
34308 38
63540 38
80772 37
52872 37
35310 37
26214 37
84576 37
43260 37
76260 37
25422 37
55260 37
33168 37
37536 37
39324 37
70572 37
47040 37
19188 37
82284 37
9768 37
58548 37
86460 37
27948 37
83310 36
71046 36
46800 36
63192 36
68970 36
32298 36
30696 36
11940 36
83580 36
78504 36
85716 36
8004 36
78390 36
85260 36
32712 36
80460 36
9420 36
57888 36
51732 36
87120 36
41184 36
31650 36
30990 36
74142 36
64266 36
17484 36
64788 36
40656 35
32724 35
57114 35
29490 35
51390 35
74460 35
72720 35
47712 35
32046 35
47808 35
69384 35
78600 35
36324 35
84312 35
49674 35
75240 35
39840 35
16632 35
33384 35
67602 35
41400 35
13536 35
33930 35
43200 35
76200 34
33684 34
86820 34
46074 34
54444 34
77628 34
26490 34
37200 34
29442 34
6564 34
18522 34
36660 34
35340 34
30390 34
66960 34
35376 34
45780 34
31884 34
72180 34
30228 34
34236 34
46860 34
71772 34
70884 34
82392 34
65730 34
71826 34
78570 34
41700 34
69708 34
43980 34
26994 34
9390 34
31944 33
33852 33
51456 33
9894 33
42660 33
46020 33
50280 33
64740 33
84276 33
33612 33
70200 33
61890 33
42540 33
67878 33
55320 33
79476 33
60684 33
8604 33
8436 33
36672 33
65550 33
27516 33
80196 33
39660 33
12120 33
36588 33
44160 33
31692 33
7188 33
52830 33
31464 33
82692 32
35940 32
70416 32
84768 32
24498 32
41580 32
37788 32
87360 32
60984 32
35892 32
10404 32
60486 32
34572 32
30294 32
39900 32
42360 32
20976 32
80610 32
660 32
56256 32
66654 32
26304 32
32844 32
63348 32
56670 32
29886 32
71622 32
47004 32
62100 32
70980 31
45072 31
85830 31
65436 31
54300 31
34566 31
62700 31
81510 31
84204 31
79284 31
74616 31
60588 31
27858 31
65412 31
45420 31
86496 31
77580 31
34434 31
24618 31
31416 31
42000 31
23928 31
44880 31
62160 31
65304 31
26184 31
31146 31
48240 31
72606 31
37320 31
16428 31
84600 31
31554 31
71010 31
51420 30
31686 30
54084 30
24258 30
23490 30
76236 30
29670 30
40248 30
34746 30
456 30
32412 30
80160 30
28812 30
14052 30
72732 30
80736 30
36828 30
84570 30
81090 30
5280 30
70872 30
66312 30
69684 30
57174 30
5790 30
25596 30
81048 30
36876 29
32550 29
44304 29
48600 29
84870 29
3360 29
9456 29
48480 29
45480 29
52260 29
39480 29
49920 29
65016 29
83136 29
50220 29
32922 29
63684 29
69408 29
81768 29
76002 29
44112 29
35532 29
47280 29
42756 29
73296 29
77400 29
76644 29
18570 29
33924 29
33078 29
47100 28
68268 28
82176 28
24096 28
73170 28
86490 28
59802 28
7020 28
4140 28
34008 28
64542 28
24744 28
43230 28
33876 28
65676 28
5490 28
82590 28
67356 28
70236 28
35484 28
34122 28
40872 28
4740 28
41520 28
72696 28
58620 28
59226 28
62340 28
28344 28
59460 28
36960 28
9060 28
32622 28
2160 28
70470 28
64656 28
44760 27
49380 27
72996 27
32418 27
5400 27
8280 27
34080 27
52020 27
49200 27
56580 27
5004 27
20136 27
35646 27
32604 27
71190 27
33408 27
35076 27
66192 27
81432 27
67650 27
43440 27
28644 27
62994 27
64572 27
61116 27
28818 27
43380 27
67638 27
64200 27
30510 27
61872 27
24192 27
55230 27
36228 27
77316 27
37596 27
81900 27
59040 26
84672 26
65376 26
57960 26
85320 26
39156 26
74484 26
84636 26
50196 26
79896 26
36948 26
61500 26
59010 26
85608 26
76500 26
68832 26
46140 26
78072 26
61200 26
45108 26
83694 26
43512 26
44988 26
44520 26
63768 26
57240 26
52188 26
5940 26
66432 26
84300 26
51846 26
42792 25
55860 25
64590 25
32184 25
62520 25
81996 25
40920 25
82230 25
48060 25
78540 25
68190 25
61980 25
65880 25
62388 25
47340 25
85290 25
12564 25
46620 25
83220 25
30828 25
58656 25
54000 25
33396 25
6840 25
70332 25
39240 25
63210 25
49620 25
414 25
65034 25
65268 25
63600 25
50904 25
86976 25
62790 25
34920 25
70908 25
69132 25
64770 25
64164 24
37380 24
32688 24
2304 24
4800 24
80892 24
5160 24
36372 24
57600 24
86910 24
44994 24
40332 24
3312 24
79500 24
65052 24
62646 24
58824 24
51756 24
10344 24
10164 24
36912 24
47520 24
79980 24
49488 24
40140 24
8364 24
47748 24
32652 24
62190 24
70008 24
34206 24
64368 24
75720 24
45660 24
74592 24
43560 24
67752 24
76332 24
76530 24
25188 24
74112 24
43620 24
18816 24
43800 24
46320 24
36300 24
43740 24
84048 24
61644 24
83292 23
35496 23
44280 23
2760 23
82956 23
49272 23
58440 23
83448 23
36210 23
62820 23
85080 23
12888 23
33564 23
35430 23
54912 23
32736 23
60810 23
44916 23
11832 23
41424 23
72666 23
86220 23
38940 23
84336 23
53520 23
44808 23
54240 23
43488 23
6744 23
63642 23
45720 23
76920 23
53340 22
63480 22
86784 22
40980 22
79356 22
80976 22
24126 22
85530 22
51240 22
58842 22
65208 22
4380 22
83052 22
27456 22
84246 22
43320 22
30942 22
28596 22
71610 22
37188 22
61260 22
81384 22
29286 22
7590 22
37212 22
37896 22
87204 22
48888 22
5652 22
76050 22
7236 22
5496 22
40512 22
61320 22
68334 22
86568 22
1314 22
41964 22
72948 22
67992 22
77328 22
13644 22
25170 22
85368 22
3576 22
84720 22
48780 21
60120 21
72192 21
59868 21
61374 21
18018 21
40830 21
71616 21
40428 21
84480 21
9900 21
13320 21
25458 21
60792 21
81330 21
43548 21
58260 21
79992 21
49440 21
45360 21
63708 21
9090 21
59514 21
51000 21
34590 21
82170 21
67092 21
63144 21
38040 21
83592 21
57180 21
34728 21
34464 21
48030 21
83442 21
86250 21
57246 21
14856 21
37584 21
50820 21
17604 21
56088 21
64512 21
78972 21
36312 21
79116 21
50340 21
29430 21
62412 21
50604 20
73032 20
20700 20
85932 20
50580 20
39996 20
6300 20
49584 20
75900 20
50040 20
68070 20
86550 20
32250 20
60552 20
63906 20
42852 20
34164 20
75276 20
80604 20
70386 20
80466 20
69930 20
34608 20
63294 20
60204 20
60498 20
34980 20
38820 20
38784 20
41574 20
60192 20
31494 20
43404 20
61932 20
66102 20
53556 20
58860 20
45300 20
81690 20
84612 20
27972 20
72072 20
46824 20
27288 20
61560 20
61704 20
11760 20
41160 20
75090 20
65592 20
61554 20
48756 20
79296 20
68856 20
82884 20
49260 20
13920 20
36072 20
59520 20
37002 20
61308 20
76860 20
61824 20
70308 20
66966 20
62172 20
54600 20
62940 20
44256 19
38880 19
87072 19
72276 19
37560 19
38472 19
52644 19
46668 19
4716 19
75540 19
70128 19
83616 19
6660 19
29832 19
29472 19
61860 19
8640 19
39984 19
46980 19
33828 19
35580 19
53388 19
49800 19
76176 19
3204 19
47400 19
33138 19
49974 19
53184 19
78408 19
40740 19
36780 19
83790 19
35958 19
55200 19
39192 19
72852 19
26058 19
14232 19
82968 18
42960 18
77496 18
70776 18
75012 18
55920 18
86268 18
45180 18
37632 18
34704 18
36720 18
37008 18
79950 18
44190 18
62904 18
960 18
72036 18
87870 18
18180 18
33036 18
4764 18
65634 18
41316 18
72516 18
69570 18
11766 18
41640 18
41460 18
61512 18
59046 18
50004 18
44820 18
51540 18
47160 18
53580 18
68616 18
67410 18
53100 18
75840 18
73860 18
85146 18
44244 18
14064 18
68496 18
29106 18
42588 18
56712 17
3660 17
53400 17
52200 17
44400 17
66396 17
51630 17
53076 17
4956 17
2724 17
3432 17
3840 17
56784 17
55356 17
25182 17
33216 17
76536 17
76392 17
44040 17
61380 17
51408 17
76080 17
75936 17
26148 17
22728 17
87420 17
45024 17
45060 17
45372 17
74640 17
74508 17
19428 17
80904 17
67254 17
35016 17
36240 17
36606 17
36900 17
55188 17
30774 17
30348 17
38220 17
33276 17
54660 17
40200 17
27876 17
40692 17
79350 17
27468 17
41430 17
77832 17
70824 17
71928 17
48720 17
53646 17
11244 17
6804 17
12036 17
12540 17
12750 17
47220 17
50520 17
47202 17
2328 17
47088 17
17220 17
46032 17
86256 17
51120 17
85284 17
51300 17
19212 17
88020 16
87660 16
33450 16
85728 16
3192 16
7968 16
80556 16
67446 16
69162 16
67062 16
51480 16
50640 16
38520 16
31590 16
63588 16
36360 16
69672 16
81420 16
63876 16
81480 16
81840 16
30612 16
70290 16
56550 16
45936 16
74244 16
20352 16
46290 16
46374 16
1776 16
44904 16
73710 16
61194 16
24264 16
59988 16
41046 16
47124 16
76728 16
43632 16
76380 16
43584 16
41052 16
54396 16
48150 16
41220 16
42474 16
42180 16
83664 16
78552 16
1998 15
1932 15
69798 15
53856 15
34848 15
69222 15
44580 15
42600 15
77490 15
61788 15
43368 15
76884 15
76692 15
61488 15
44268 15
44460 15
44496 15
42402 15
61110 15
61056 15
44682 15
75204 15
44952 15
44976 15
45456 15
45546 15
74790 15
83160 15
65028 15
32514 15
83112 15
82404 15
36180 15
31644 15
81990 15
37668 15
37872 15
37980 15
52920 15
29904 15
39120 15
28104 15
79140 15
67002 15
27192 15
62280 15
41988 15
42210 15
66378 15
50292 15
6540 15
6420 15
6294 15
71064 15
5772 15
5604 15
71004 15
51090 15
45888 15
86484 15
51960 15
4260 15
70188 15
70116 15
3384 15
69972 15
33936 15
48912 15
45636 15
72264 15
85506 15
11190 15
46650 15
65760 15
46410 15
18060 15
46728 15
73866 15
58320 15
73770 15
63930 14
56820 14
60996 14
55044 14
55884 14
33984 14
56472 14
56640 14
67764 14
59484 14
65646 14
65556 14
58950 14
58584 14
57630 14
57780 14
46920 14
43272 14
51360 14
9240 14
29058 14
85710 14
4296 14
10320 14
52026 14
27738 14
86436 14
73284 14
33510 14
43776 14
42828 14
84096 14
27162 14
2376 14
52620 14
74016 14
39960 14
35664 14
6792 14
50460 14
40146 14
43056 14
73536 14
40404 14
35538 14
69168 14
46332 14
46266 14
35316 14
80316 14
86292 14
35244 14
51060 14
79542 14
31752 14
47592 14
37800 14
36840 14
87276 14
53592 14
44676 14
48246 14
75516 14
37044 14
33816 14
54732 14
47544 14
78642 14
1836 14
47856 14
81984 14
76266 14
37140 14
47940 14
47898 13
43140 13
40080 13
64680 13
73812 13
42390 13
24966 13
78084 13
85812 13
47724 13
59400 13
42480 13
27084 13
41496 13
34296 13
48864 13
47508 13
48996 13
42768 13
17958 13
34404 13
41304 13
72990 13
58020 13
18528 13
41898 13
59946 13
34896 13
22230 13
46830 13
79512 13
59496 13
49704 13
55584 13
67716 13
88440 13
76788 13
43746 13
54282 13
30192 13
38712 13
70362 13
76056 13
81672 13
45240 13
64236 13
2580 13
67812 13
81036 13
32322 13
53088 13
36576 13
53124 13
36492 13
53346 13
82080 13
75672 13
28728 13
50172 13
77160 13
67932 13
57408 13
57348 13
44490 13
54930 13
46440 13
6036 13
71226 13
50748 13
5988 13
84492 13
66876 13
396 13
480 13
45900 13
4494 13
82290 13
74766 13
32406 12
33642 12
44706 12
47646 12
65910 12
27576 12
73848 12
33234 12
33498 12
67986 12
45972 12
28032 12
43602 12
60600 12
26808 12
30312 12
31392 12
31470 12
47388 12
84072 12
60942 12
75210 12
83700 12
51324 12
7740 12
87168 12
64140 12
7656 12
7644 12
55968 12
7050 12
38580 12
66852 12
52680 12
52668 12
50700 12
50880 12
70266 12
70896 12
81372 12
51444 12
2640 12
56880 12
52380 12
80652 12
39090 12
39060 12
82236 12
38724 12
56604 12
52056 12
86712 12
68814 12
36396 12
14364 12
48000 12
42420 12
68232 12
83436 12
78180 12
69156 12
64710 12
24168 12
22692 12
83370 12
83352 12
78480 12
41712 12
62448 12
54900 12
49044 12
78810 12
8592 12
40380 12
37260 12
34596 12
79176 12
34332 12
34884 12
67548 12
68484 12
32556 11
44430 11
81030 11
36918 11
37230 11
44016 11
37920 11
35688 11
33846 11
34218 11
67656 11
81942 11
41298 11
34812 11
62796 11
83640 11
40320 11
33258 11
33024 11
77172 11
35952 11
39780 11
39630 11
77130 11
36108 11
67272 11
43338 11
76848 11
47184 11
46428 11
86760 11
3960 11
48510 11
65784 11
72336 11
28308 11
56844 11
8400 11
50988 11
46794 11
72330 11
73236 11
66126 11
68544 11
47640 11
25284 11
47904 11
50160 11
59160 11
48120 11
68550 11
50424 11
53466 11
9966 11
49740 11
49320 11
12330 11
54120 11
53574 11
44652 11
612 11
55914 11
58800 11
28890 11
60450 11
87156 11
79272 10
79320 10
40764 10
49476 10
49980 10
40272 10
49788 10
49860 10
71628 10
49902 10
57876 10
80544 10
53160 10
192 10
88800 10
930 10
81744 10
37524 10
996 10
1092 10
1458 10
37722 10
53868 10
87240 10
87192 10
39804 10
68958 10
52278 10
51840 10
51660 10
82242 10
70704 10
32466 10
50928 10
66252 10
6366 10
82344 10
63180 10
58272 10
29658 10
48024 10
29478 10
29328 10
25068 10
25728 10
33624 10
47490 10
47304 10
45672 10
42144 10
45708 10
46680 10
77280 10
67014 10
28776 10
43470 10
43224 10
28830 10
28836 10
78192 10
44448 10
44640 10
75486 10
45036 10
49020 10
16020 10
31728 10
43860 10
30906 10
58980 10
30072 10
72624 10
48132 10
64968 9
32856 9
32796 9
32658 9
37056 9
32472 9
33348 9
54972 9
17586 9
85590 9
85500 9
83124 9
85470 9
9588 9
85764 9
64470 9
12000 9
13566 9
35568 9
65802 9
2940 9
21144 9
64692 9
84942 9
6756 9
83568 9
64284 9
28092 9
33330 9
3420 9
3318 9
73872 9
49230 9
68346 9
72030 9
58500 9
48504 9
72342 9
48360 9
72972 9
47580 9
46872 9
46740 9
46644 9
46608 9
68376 9
74724 9
45588 9
74802 9
74808 9
74970 9
45312 9
45288 9
60852 9
44046 9
77136 9
42840 9
42672 9
42384 9
52440 9
54960 9
55074 9
54384 9
54360 9
69516 9
53916 9
69108 9
69078 9
53754 9
69744 9
53292 9
70104 9
52596 9
81930 9
70404 9
52104 9
51996 9
51720 9
51132 9
71022 9
50688 9
71292 9
50316 9
57834 9
49560 9
71748 9
63912 9
40644 9
67530 9
79824 9
62670 9
80112 9
78900 9
40020 9
39912 9
41820 9
39600 9
39252 9
81000 9
81312 9
81156 9
81186 9
37644 9
37446 9
63936 8
85896 8
8316 8
57840 8
57912 8
68490 8
68478 8
36624 8
37680 8
71820 8
10644 8
54840 8
87600 8
40500 8
13032 8
49128 8
72144 8
68316 8
48840 8
48618 8
78030 8
58854 8
19452 8
35190 8
21330 8
85044 8
63330 8
52980 8
52800 8
86952 8
81120 8
70212 8
80964 8
70272 8
80784 8
80712 8
86628 8
51984 8
36120 8
51600 8
50052 8
5220 8
50940 8
86262 8
66288 8
39456 8
50586 8
6156 8
6240 8
39720 8
71304 8
50406 8
69816 8
71544 8
76680 8
46092 8
45876 8
67026 8
28974 8
33204 8
43644 8
78804 8
43716 8
32910 8
45564 8
62400 8
45444 8
78360 8
30636 8
46446 8
41940 8
67086 8
64746 8
31404 8
60816 8
45216 8
42060 8
45120 8
44094 8
44946 8
44100 8
61140 8
44316 8
44130 8
42240 8
58920 8
84984 8
24018 8
24078 8
48180 8
48084 8
59220 8
42696 8
47760 8
34836 8
34818 8
77550 8
43098 8
62628 8
27636 8
28698 8
77466 8
60000 8
84648 8
60084 8
46656 8
77424 8
77640 7
43974 7
77340 7
82212 7
69276 7
81876 7
83472 7
66792 7
78864 7
79212 7
72204 7
72756 7
72984 7
79776 7
79788 7
73068 7
73356 7
71892 7
71724 7
83208 7
86808 7
82524 7
71412 7
68574 7
84450 7
78648 7
78336 7
70962 7
86310 7
75180 7
70524 7
75942 7
34224 7
44010 7
57336 7
37410 7
43920 7
37224 7
53448 7
57984 7
43764 7
7680 7
58116 7
47112 7
31176 7
37884 7
43596 7
39468 7
44028 7
34302 7
43332 7
43326 7
50490 7
47460 7
26478 7
60042 7
40128 7
36384 7
42864 7
2628 7
52368 7
42702 7
62508 7
39066 7
45048 7
21360 7
19608 7
45090 7
54180 7
46188 7
54402 7
54480 7
44646 7
54720 7
37662 7
32208 7
14544 7
45174 7
37656 7
41388 7
46716 7
44232 7
37830 7
51180 7
46806 7
55992 7
56100 7
10740 7
10356 7
44118 7
51096 7
56268 7
51084 7
57000 7
40800 7
780 7
40824 7
35742 7
48576 7
40608 7
36030 7
41790 7
42276 7
30018 7
1368 7
41202 7
41190 7
27318 7
41688 7
62898 7
50028 7
30030 7
49680 7
41844 7
47964 7
41904 7
49140 7
27432 6
41748 6
55824 6
44124 6
87672 6
46704 6
45684 6
35292 6
44106 6
41148 6
52860 6
69690 6
46890 6
39246 6
9288 6
48252 6
33864 6
57066 6
57120 6
52152 6
46986 6
82980 6
52746 6
83916 6
41310 6
66888 6
46104 6
78840 6
52092 6
52044 6
75366 6
54624 6
66528 6
44826 6
28212 6
54024 6
19830 6
31818 6
31698 6
85092 6
73896 6
83676 6
49296 6
62844 6
65544 6
83862 6
44424 6
74700 6
54984 6
44196 6
69612 6
54888 6
46392 6
41508 6
54708 6
23598 6
81588 6
36402 6
71472 6
40290 6
34428 6
60540 6
60360 6
50268 6
87042 6
77256 6
79920 6
36462 6
50400 6
86610 6
34830 6
77790 6
73056 6
39594 6
53172 6
82248 6
36264 6
1980 6
42780 6
62010 6
61992 6
61836 6
42846 6
42858 6
8820 6
42870 6
2964 6
40524 6
77460 6
84708 6
60882 6
77412 6
74376 6
45402 6
72768 6
52176 6
81378 6
84810 6
58200 6
41916 6
42192 6
47106 6
39396 6
47880 6
50760 6
47148 6
29982 6
68322 6
68298 6
31056 6
76890 6
5076 6
43890 6
83388 6
43896 6
59304 6
80430 6
8520 6
77904 6
47346 6
31332 6
59448 6
40620 6
53196 6
52632 5
49116 5
30738 5
84396 5
31344 5
30816 5
52608 5
46080 5
52116 5
71646 5
36540 5
50472 5
34344 5
83244 5
47610 5
50208 5
71550 5
34752 5
36252 5
47802 5
47820 5
47316 5
36192 5
35202 5
71808 5
48420 5
48444 5
49332 5
35910 5
48870 5
49188 5
49008 5
83658 5
51948 5
46164 5
31962 5
37770 5
51672 5
83910 5
51432 5
32490 5
46776 5
73656 5
52008 5
46812 5
51072 5
33978 5
50844 5
47094 5
34098 5
50796 5
34170 5
73272 5
36810 5
39360 5
43092 5
3510 5
60060 5
3966 5
39588 5
5064 5
39516 5
58740 5
5760 5
5820 5
43608 5
6360 5
43758 5
40188 5
9036 5
85788 5
9150 5
80532 5
56988 5
39228 5
56400 5
44082 5
55980 5
39180 5
10860 5
44286 5
11088 5
87300 5
66834 5
41394 5
66336 5
41256 5
88284 5
87924 5
67068 5
65196 5
67116 5
87468 5
41040 5
41808 5
64752 5
74670 5
64530 5
40890 5
1542 5
1788 5
1872 5
42372 5
63012 5
40560 5
40548 5
86796 5
61020 5
60930 5
67848 5
45306 5
54012 5
44922 5
44748 5
21732 5
38112 5
53112 5
45624 5
38208 5
52938 5
45630 5
25470 5
53712 5
17748 5
85380 5
38964 5
38400 5
38028 5
53490 5
44502 5
25218 5
54924 5
52884 5
11166 5
53226 5
42684 4
42576 4
40848 4
45996 4
37890 4
47796 4
79230 4
38202 4
81414 4
45510 4
78510 4
66684 4
41322 4
48960 4
45696 4
82740 4
45756 4
82626 4
45810 4
41592 4
37974 4
74436 4
48516 4
79026 4
48408 4
35946 4
48348 4
75108 4
37908 4
72636 4
48108 4
39300 4
37116 4
38760 4
37716 4
43908 4
74064 4
38796 4
38802 4
43932 4
80880 4
46968 4
76752 4
46344 4
46884 4
46452 4
38838 4
39204 4
44148 4
44208 4
39096 4
39072 4
39000 4
77100 4
36336 4
75060 4
77364 4
45204 4
39972 4
38412 4
39708 4
74196 4
39624 4
43236 4
38364 4
80340 4
77058 4
38424 4
39498 4
43506 4
44910 4
38646 4
43656 4
38748 4
5484 4
68736 4
57060 4
52080 4
31896 4
51780 4
51690 4
83904 4
51486 4
8232 4
51396 4
7860 4
58002 4
58140 4
6120 4
58410 4
85644 4
51174 4
33576 4
51024 4
59670 4
68076 4
59718 4
34146 4
60276 4
86670 4
3144 4
83412 4
60846 4
60960 4
61008 4
26748 4
69456 4
54048 4
54090 4
85062 4
53820 4
85212 4
24888 4
19152 4
25008 4
84840 4
85272 4
25110 4
54546 4
69894 4
55032 4
51144 4
27258 4
84642 4
28842 4
55530 4
29130 4
69084 4
52548 4
29898 4
30558 4
55800 4
55956 4
55974 4
9804 4
52128 4
86892 4
87060 4
63444 4
49866 4
65490 4
49890 4
63288 4
49932 4
35226 4
65538 4
50046 4
49596 4
63000 4
50202 4
49242 4
71970 4
86940 4
64272 4
61698 4
66636 4
34326 4
66330 4
62436 4
756 4
66084 4
83262 4
64944 3
64824 3
41376 3
44298 3
44388 3
55500 3
55140 3
79236 3
1500 3
68976 3
64584 3
64314 3
85494 3
39174 3
10788 3
55716 3
42030 3
55728 3
65586 3
66816 3
66114 3
54288 3
38700 3
78930 3
75510 3
41226 3
18630 3
65886 3
44436 3
54576 3
44550 3
14550 3
75684 3
44484 3
75738 3
65424 3
65358 3
87588 3
79710 3
58572 3
5100 3
59106 3
59208 3
76944 3
38460 3
59316 3
77778 3
59430 3
4620 3
87024 3
63396 3
59760 3
59886 3
43164 3
60264 3
86982 3
43116 3
62316 3
67866 3
86742 3
40374 3
61764 3
76476 3
10140 3
42132 3
67284 3
1740 3
42198 3
40860 3
63750 3
85752 3
63636 3
57168 3
42324 3
42096 3
57258 3
87132 3
40758 3
57456 3
57612 3
57660 3
43884 3
76668 3
43788 3
42492 3
43728 3
50802 3
71478 3
36408 3
47478 3
50436 3
50448 3
47424 3
47412 3
50496 3
50676 3
36648 3
47298 3
47196 3
50712 3
71142 3
34548 3
34068 3
44898 3
37248 3
34044 3
50976 3
46956 3
70956 3
33132 3
32676 3
46746 3
73728 3
83772 3
51294 3
73836 3
48384 3
82770 3
72084 3
49164 3
49236 3
48852 3
48816 3
49284 3
35856 3
82836 3
35424 3
48468 3
48426 3
49410 3
49482 3
50910 3
36024 3
49524 3
49536 3
36090 3
72612 3
48174 3
36096 3
36168 3
49764 3
83010 3
35124 3
35010 3
47790 3
34692 3
81468 3
46116 3
53460 3
38304 3
31530 3
38280 3
74280 3
31098 3
30918 3
53136 3
74880 3
25338 3
45954 3
74412 3
84270 3
52452 3
45516 3
45528 3
70194 3
29004 3
74694 3
52788 3
46482 3
81612 3
46548 3
81624 3
85032 3
24960 3
75150 3
53808 3
46512 3
70758 3
37710 3
51588 3
38664 2
82818 2
82362 2
35544 2
79290 2
35172 2
26718 2
84684 2
35148 2
82350 2
1800 2
44052 2
38988 2
20808 2
79188 2
35760 2
82476 2
84828 2
82608 2
768 2
35328 2
10920 2
41028 2
35724 2
240 2
35916 2
38676 2
40974 2
17808 2
85428 2
40944 2
31974 2
39222 2
40044 2
85680 2
34086 2
31572 2
39684 2
9360 2
81828 2
4560 2
37794 2
3168 2
32088 2
4644 2
4860 2
37572 2
5424 2
32646 2
5844 2
81684 2
7260 2
32148 2
30108 2
38088 2
27744 2
40632 2
34932 2
36294 2
37992 2
37932 2
37704 2
83250 2
2028 2
40788 2
2892 2
40530 2
36564 2
80670 2
40440 2
40392 2
30792 2
37020 2
3156 2
37062 2
47256 2
55302 2
73890 2
46632 2
55008 2
46692 2
54648 2
54636 2
73404 2
46998 2
54018 2
53994 2
53988 2
47190 2
46236 2
53940 2
47376 2
53682 2
53628 2
47484 2
53616 2
47532 2
53532 2
47652 2
47730 2
53406 2
47772 2
53364 2
45468 2
44532 2
57804 2
44544 2
75528 2
44736 2
44784 2
44850 2
44892 2
57480 2
57450 2
68688 2
75048 2
75024 2
47988 2
56520 2
68844 2
45558 2
45738 2
45744 2
45846 2
55818 2
74424 2
55752 2
55572 2
46176 2
46212 2
52272 2
49446 2
49692 2
49770 2
49848 2
52500 2
49992 2
50016 2
50064 2
52374 2
50070 2
52332 2
50352 2
50394 2
49428 2
52266 2
52170 2
50610 2
50670 2
50832 2
52032 2
50916 2
51702 2
51036 2
51192 2
51498 2
51216 2
51252 2
52950 2
53244 2
48012 2
69804 2
48282 2
53148 2
48366 2
48402 2
53040 2
53010 2
48522 2
48528 2
52956 2
72288 2
41490 2
52896 2
48552 2
48672 2
52806 2
48894 2
48936 2
52764 2
52716 2
52704 2
49344 2
52656 2
52602 2
65166 2
43146 2
78036 2
78144 2
64632 2
64992 2
78246 2
68178 2
59244 2
64104 2
43290 2
77040 2
58974 2
41868 2
58884 2
58476 2
43572 2
43794 2
61404 2
62964 2
62916 2
63456 2
62868 2
62232 2
61542 2
67416 2
42996 2
41946 2
43002 2
60720 2
60636 2
60564 2
60330 2
42348 2
77988 2
44472 2
41772 2
78576 2
41664 2
44076 2
76008 2
44088 2
58380 2
44250 2
63714 1
51504 1
27546 1
88572 1
51636 1
66024 1
84594 1
27606 1
63828 1
70656 1
1710 1
28932 1
1608 1
720 1
66948 1
89592 1
8040 1
32436 1
70830 1
1950 1
51330 1
87090 1
52908 1
87096 1
27504 1
1890 1
52824 1
51348 1
63462 1
78756 1
63564 1
29742 1
52308 1
65202 1
84264 1
65934 1
52320 1
52110 1
52122 1
65292 1
84090 1
1356 1
52290 1
87720 1
65352 1
31518 1
52194 1
65532 1
87960 1
64872 1
51792 1
67248 1
52146 1
52572 1
52512 1
87324 1
31866 1
51924 1
51774 1
52494 1
52488 1
70248 1
30378 1
52446 1
31764 1
51306 1
55620 1
5856 1
5832 1
56220 1
56202 1
86226 1
10392 1
10530 1
85542 1
56112 1
58452 1
56232 1
85476 1
5550 1
5520 1
58632 1
11100 1
55212 1
55080 1
59076 1
69210 1
9144 1
85872 1
8340 1
57936 1
57624 1
57528 1
58080 1
7560 1
58104 1
57516 1
16350 1
7044 1
58236 1
6204 1
86070 1
57048 1
57030 1
9384 1
9432 1
58368 1
53484 1
53784 1
53748 1
22650 1
22764 1
3804 1
59880 1
60252 1
60294 1
53508 1
59820 1
61080 1
61446 1
2700 1
2694 1
86844 1
69810 1
26268 1
67692 1
62550 1
85200 1
54810 1
17130 1
18486 1
4788 1
54468 1
54312 1
69348 1
85236 1
54270 1
62892 1
59352 1
54030 1
59490 1
59706 1
21030 1
4176 1
4080 1
21150 1
53976 1
39546 1
44136 1
76188 1
39216 1
66756 1
43992 1
39306 1
43944 1
39312 1
76800 1
43374 1
43356 1
76956 1
80406 1
76152 1
80388 1
77112 1
39612 1
80280 1
43206 1
43194 1
39690 1
43188 1
80190 1
39870 1
40032 1
43128 1
44928 1
45882 1
45864 1
45840 1
38004 1
38160 1
38190 1
45486 1
45396 1
38286 1
45252 1
81126 1
75132 1
45078 1
80076 1
38496 1
38508 1
44712 1
44664 1
44604 1
38832 1
75768 1
80796 1
75912 1
44310 1
44274 1
39132 1
79200 1
42564 1
42504 1
77868 1
40674 1
40770 1
77976 1
42288 1
42252 1
40884 1
42156 1
40896 1
42120 1
42042 1
40602 1
79194 1
78396 1
78444 1
41130 1
41796 1
79050 1
79020 1
41616 1
41568 1
41238 1
41532 1
78660 1
79830 1
40098 1
40116 1
77292 1
80010 1
43008 1
40224 1
40296 1
77376 1
79872 1
42942 1
79848 1
77442 1
81396 1
40452 1
79812 1
40494 1
42912 1
42888 1
42732 1
77676 1
42612 1
79692 1
79680 1
79644 1
40590 1
82872 1
50232 1
34536 1
83172 1
34698 1
34716 1
34866 1
49878 1
49872 1
35046 1
71730 1
49590 1
49548 1
49350 1
50310 1
49290 1
49206 1
82812 1
35454 1
49146 1
49068 1
35604 1
82668 1
48774 1
35748 1
48546 1
35772 1
33996 1
32496 1
51276 1
32592 1
51246 1
33090 1
51210 1
33366 1
33528 1
33768 1
33858 1
70998 1
33912 1
51018 1
35790 1
50838 1
50808 1
71124 1
50790 1
50706 1
34290 1
83346 1
50592 1
50484 1
83304 1
50430 1
34398 1
37500 1
73290 1
37164 1
46992 1
37284 1
37314 1
81858 1
81846 1
37344 1
81804 1
37386 1
37404 1
73410 1
37488 1
81936 1
46788 1
46686 1
46596 1
46464 1
46416 1
74046 1
81504 1
74250 1
74292 1
74388 1
45930 1
45906 1
47574 1
35904 1
72456 1
82410 1
72570 1
36036 1
48336 1
48090 1
36156 1
47958 1
47754 1
47700 1
47628 1
83796 1
36444 1
36468 1
82152 1
82110 1
82104 1
82092 1
73164 1
36570 1
73188 1
47232 1
81972 1
37080 1
